NAME : pairopt
TYPE : ACVRP
DIMENSION : 14
EDGE_WEIGHT_TYPE : EXPLICIT
EDGE_WEIGHT_FORMAT : FULL_MATRIX
CAPACITY : 6480
VEHICLES : 2
EDGE_WEIGHT_SECTION
100000 -100000 -100000 100000 100000 100000 100000 100000 100000 100000 100000 100000 100000 100000 
100000 100000 1000000 3984 4468 4172 4550 4214 3896 3398 4912 4875 4538 3989 
100000 1000000 100000 -111 952 77 332 273 265 1673 1760 1568 533 444 
0 0 0 100000 1222 438 692 157 239 672 1017 903 900 644 
0 0 0 1222 100000 1001 1063 1102 1187 1892 1360 1206 1264 1257 
0 0 0 438 1001 100000 1181 1005 986 1343 1500 1373 1340 1170 
0 0 0 692 1063 1181 100000 588 608 1959 345 230 208 413 
0 0 0 157 1102 1005 588 100000 282 719 915 823 821 661 
0 0 0 239 1187 986 608 282 100000 453 972 799 683 441 
0 0 0 672 1892 1343 1959 719 453 100000 2362 2287 2000 461 
0 0 0 1017 1360 1500 345 915 972 2362 100000 194 299 743 
0 0 0 903 1206 1373 230 823 799 2287 194 100000 300 715 
0 0 0 900 1264 1340 208 821 683 2000 299 300 100000 416 
0 0 0 644 1257 1170 413 661 441 461 743 715 416 100000 
DEMAND_SECTION
1 0
2 0
3 0
4 310
5 47
6 774
7 729
8 503
9 296
10 73
11 977
12 345
13 977
14 3604
DEPOT_SECTION
1
EOF