NAME : pairopt
TYPE : ACVRP
DIMENSION : 15
EDGE_WEIGHT_TYPE : EXPLICIT
EDGE_WEIGHT_FORMAT : FULL_MATRIX
CAPACITY : 9265
VEHICLES : 2
EDGE_WEIGHT_SECTION
100000 -100000 -100000 100000 100000 100000 100000 100000 100000 100000 100000 100000 100000 100000 100000 
100000 100000 1000000 1869 2695 2441 2580 2133 2271 370 2697 3014 2525 3020 1792 
100000 1000000 100000 -140 2015 1763 1943 490 1683 232 3355 3674 1874 3658 259 
0 0 0 100000 716 541 518 236 276 458 3620 3939 819 3885 442 
0 0 0 716 100000 190 353 477 597 2262 4532 4852 473 4808 692 
0 0 0 541 190 100000 264 362 390 2003 4270 4590 398 4546 510 
0 0 0 518 353 264 100000 345 274 2122 4314 4631 757 4561 749 
0 0 0 236 477 362 345 100000 212 652 3927 4246 523 4196 430 
0 0 0 276 597 390 274 212 100000 741 3962 4279 940 4205 667 
0 0 0 458 2262 2003 2122 652 741 100000 3078 3398 2164 3374 454 
0 0 0 3620 4532 4270 4314 3927 3962 3078 100000 1013 4420 1056 3684 
0 0 0 3939 4852 4590 4631 4246 4279 3398 1013 100000 4738 184 4002 
0 0 0 819 473 398 757 523 940 2164 4420 4738 100000 4731 540 
0 0 0 3885 4808 4546 4561 4196 4205 3374 1056 184 4731 100000 3995 
0 0 0 442 692 510 749 430 667 454 3684 4002 540 3995 100000 
DEMAND_SECTION
1 0
2 0
3 0
4 296
5 76
6 744
7 207
8 977
9 540
10 191
11 510
12 977
13 3873
14 181
15 3775
DEPOT_SECTION
1
EOF