NAME : amtsp
TYPE : ATSP
DIMENSION : 47
SALESMEN : 6
EDGE_WEIGHT_TYPE : EXPLICIT
EDGE_WEIGHT_FORMAT : FULL_MATRIX
EDGE_WEIGHT_SECTION
100000 -10000 -10000 -10000 -10000 -10000 -10000 100000 100000 100000 100000 100000 100000 100000 100000 100000 100000 100000 100000 100000 100000 100000 100000 100000 100000 100000 100000 100000 100000 100000 100000 100000 100000 100000 100000 100000 100000 100000 100000 100000 100000 100000 100000 100000 100000 100000 100000 
100000 100000 952 137 384 564 1009 228 966 615 666 293 724 358 373 1099 812 977 738 975 1034 830 432 1203 428 922 671 871 978 967 708 617 874 553 186 996 1223 415 771 886 610 398 945 514 465 933 1000 
100000 952 100000 878 911 431 899 1125 256 363 300 1245 967 1308 685 237 186 327 488 1111 488 648 547 255 524 451 579 579 444 477 253 728 270 1080 808 266 358 576 220 433 987 925 406 1462 1011 834 93 
100000 137 878 100000 478 465 872 248 863 569 581 383 806 442 397 1047 723 947 614 1058 1024 696 335 1122 362 801 687 883 858 844 647 480 770 666 70 956 1175 312 682 765 704 273 827 590 352 980 936 
100000 384 911 478 100000 667 1276 596 1025 551 702 566 341 624 237 978 838 805 903 591 805 1048 567 1163 484 1059 420 601 1104 1107 663 883 946 209 476 849 1082 572 804 1020 227 748 1062 767 830 586 925 
100000 564 431 465 667 100000 677 707 402 263 134 847 870 907 438 637 260 604 244 1087 732 415 132 663 182 392 549 684 439 439 261 358 310 872 396 584 767 153 220 353 830 495 400 1055 586 886 505 
100000 1009 899 872 1276 677 100000 997 663 932 747 1186 1532 1222 1078 1135 740 1196 451 1760 1349 268 726 985 830 453 1226 1348 480 441 890 397 629 1485 835 1150 1245 712 730 466 1474 647 505 1322 643 1562 992 
0 228 1125 248 596 707 997 100000 1098 813 827 188 937 227 600 1294 967 1188 826 1185 1255 873 580 1368 609 1014 898 1098 1072 1054 895 639 1004 738 317 1200 1421 554 926 981 816 350 1046 356 369 1160 1184 
0 966 256 863 1025 402 663 1098 100000 490 323 1246 1148 1305 788 479 190 582 317 1321 742 434 534 337 562 210 769 811 191 227 388 577 93 1216 794 522 582 553 221 204 1145 832 158 1451 904 1060 343 
0 615 363 569 551 263 932 813 490 100000 196 908 662 973 321 484 299 383 484 855 486 665 294 618 212 580 301 421 610 624 111 618 425 731 504 387 608 325 273 544 654 698 565 1129 796 631 393 
0 666 300 581 702 134 747 827 323 196 100000 955 854 1018 465 503 147 481 296 1051 618 479 247 541 244 384 497 600 418 430 145 474 244 897 511 455 633 275 107 348 835 630 373 1169 720 823 371 
0 293 1245 383 566 847 1186 188 1246 908 955 100000 892 65 643 1392 1100 1264 992 1129 1310 1053 715 1495 721 1180 933 1132 1238 1222 1001 822 1153 659 451 1286 1515 693 1059 1146 762 538 1209 221 556 1152 1294 
0 724 967 806 341 870 1532 937 1148 662 854 892 100000 946 459 949 959 748 1114 251 679 1281 807 1191 702 1238 387 464 1271 1284 759 1156 1088 266 792 811 1020 822 935 1200 132 1069 1227 1076 1157 314 947 
0 358 1308 442 624 907 1222 227 1305 973 1018 65 946 100000 708 1457 1162 1329 1046 1179 1375 1100 776 1558 784 1234 997 1195 1292 1275 1066 867 1212 706 511 1352 1580 753 1121 1200 815 576 1264 156 585 1211 1359 
0 373 685 397 237 438 1078 600 788 321 465 643 459 708 100000 778 602 628 679 700 666 835 353 939 257 827 297 498 870 874 432 697 709 435 361 659 892 365 567 788 397 631 828 863 725 585 708 
0 1099 237 1047 978 637 1135 1294 479 484 503 1392 949 1457 778 100000 418 204 725 1042 333 886 735 280 685 684 582 500 670 705 401 958 507 1115 980 138 130 766 446 668 1001 1132 635 1613 1224 745 145 
0 812 186 723 838 260 740 967 190 299 147 1100 959 1162 602 418 100000 456 308 1138 611 478 387 402 391 316 583 644 331 354 200 541 136 1027 653 411 543 412 41 287 954 744 286 1313 829 886 274 
0 977 327 947 805 604 1196 1188 582 383 481 1264 748 1329 628 204 456 100000 755 839 160 932 671 471 595 764 393 296 765 796 342 955 578 926 885 71 279 702 467 740 806 1078 725 1486 1174 544 256 
0 738 488 614 903 244 451 826 317 484 296 992 1114 1046 679 725 308 755 100000 1329 903 183 338 649 422 187 783 896 245 229 438 259 238 1111 553 716 846 341 289 155 1074 527 222 1182 591 1115 580 
0 975 1111 1058 591 1087 1760 1185 1321 855 1051 1129 251 1179 700 1042 1138 839 1329 100000 728 1502 1038 1308 930 1435 556 544 1463 1479 938 1392 1272 474 1042 910 1087 1056 1120 1399 369 1319 1418 1300 1408 300 1073 
0 1034 488 1024 805 732 1349 1255 742 486 618 1310 679 1375 666 333 611 160 903 728 100000 1083 780 612 691 922 385 217 925 955 474 1088 736 891 967 226 358 811 618 897 760 1183 884 1529 1281 427 414 
0 830 648 696 1048 415 268 873 434 665 479 1053 1281 1100 835 886 478 932 183 1502 1083 100000 483 770 580 234 962 1079 282 246 621 235 380 1257 645 890 1002 476 465 230 1233 536 288 1222 573 1296 741 
0 432 547 335 567 132 726 580 534 294 247 715 807 776 353 735 387 671 338 1038 780 483 100000 787 110 508 533 696 559 555 338 356 442 775 265 664 865 31 346 469 750 406 522 925 503 869 613 
0 1203 255 1122 1163 663 985 1368 337 618 541 1495 1191 1558 939 280 402 471 649 1308 612 770 787 100000 775 540 807 764 505 544 509 907 410 1325 1052 400 317 813 442 540 1224 1140 485 1710 1220 1015 244 
0 428 524 362 484 182 830 609 562 212 244 721 702 784 257 685 391 595 422 930 691 580 110 775 100000 575 424 593 620 622 285 466 476 690 295 598 812 134 351 535 653 492 580 939 591 759 576 
0 922 451 801 1059 392 453 1014 210 580 384 1180 1238 1234 827 684 316 764 187 1435 922 234 508 540 575 100000 880 959 58 47 503 420 186 1263 738 711 791 516 321 39 1213 707 54 1370 764 1197 543 
0 671 579 687 420 549 1226 898 769 301 497 933 387 997 297 582 583 393 783 556 385 962 533 807 424 880 100000 200 907 923 382 886 716 533 641 446 672 558 564 844 420 894 862 1150 992 338 563 
0 871 579 883 601 684 1348 1098 811 421 600 1132 464 1195 498 500 644 296 896 544 217 1079 696 764 593 959 200 100000 975 998 461 1038 780 675 834 365 558 725 637 927 543 1078 931 1347 1177 254 532 
0 978 444 858 1104 439 480 1072 191 610 418 1238 1271 1292 870 670 331 765 245 1463 925 282 559 505 620 58 907 975 100000 39 526 478 195 1306 794 709 771 568 343 92 1251 766 44 1428 822 1217 533 
0 967 477 844 1107 439 441 1054 227 624 430 1222 1284 1275 874 705 354 796 229 1479 955 246 555 544 622 47 923 998 39 100000 545 449 220 1310 782 740 808 562 362 86 1260 742 71 1409 795 1238 567 
0 708 253 647 663 261 890 895 388 111 145 1001 759 1066 432 401 200 342 438 938 474 621 338 509 285 503 382 461 526 545 100000 615 334 841 579 327 529 369 182 469 760 742 481 1221 836 693 292 
0 617 728 480 883 358 397 639 577 618 474 822 1156 867 697 958 541 955 259 1392 1088 235 356 907 466 420 886 1038 478 449 615 100000 496 1091 438 928 1085 336 512 398 1087 301 467 987 345 1224 816 
0 874 270 770 946 310 629 1004 93 425 244 1153 1088 1212 709 507 136 578 238 1272 736 380 442 410 476 186 716 780 195 220 334 496 100000 1141 701 526 621 460 153 163 1077 742 151 1357 816 1022 363 
0 553 1080 666 209 872 1485 738 1216 731 897 659 266 706 435 1115 1027 926 1111 474 891 1257 775 1325 690 1263 533 675 1306 1310 841 1091 1141 100000 674 979 1205 781 995 1224 140 939 1263 826 1015 575 1082 
0 186 808 70 476 396 835 317 794 504 511 451 792 511 361 980 653 885 553 1042 967 645 265 1052 295 738 641 834 794 782 579 438 701 674 100000 891 1108 242 612 702 698 276 763 660 366 946 867 
0 996 266 956 849 584 1150 1200 522 387 455 1286 811 1352 659 138 411 71 716 910 226 890 664 400 598 711 446 365 709 740 327 928 526 979 891 100000 234 695 427 689 864 1069 669 1508 1164 615 188 
0 1223 358 1175 1082 767 1245 1421 582 608 633 1515 1020 1580 892 130 543 279 846 1087 358 1002 865 317 812 791 672 558 771 808 529 1085 621 1205 1108 234 100000 896 573 779 1085 1263 740 1736 1354 786 269 
0 415 576 312 572 153 712 554 553 325 275 693 822 753 365 766 412 702 341 1056 811 476 31 813 134 516 558 725 568 562 369 336 460 781 242 695 896 100000 371 478 761 375 533 902 471 893 643 
0 771 220 682 804 220 730 926 221 273 107 1059 935 1121 567 446 41 467 289 1120 618 465 346 442 351 321 564 637 343 362 182 512 153 995 612 427 573 371 100000 290 926 706 298 1272 792 875 304 
0 886 433 765 1020 353 466 981 204 544 348 1146 1200 1200 788 668 287 740 155 1399 897 230 469 540 535 39 844 927 92 86 469 398 163 1224 702 689 779 478 290 100000 1174 679 69 1337 740 1163 526 
0 610 987 704 227 830 1474 816 1145 654 835 762 132 815 397 1001 954 806 1074 369 760 1233 750 1224 653 1213 420 543 1251 1260 760 1087 1077 140 698 864 1085 761 926 1174 100000 973 1208 944 1057 435 980 
0 398 925 273 748 495 647 350 832 698 630 538 1069 576 631 1132 744 1078 527 1319 1183 536 406 1140 492 707 894 1078 766 742 742 301 742 939 276 1069 1263 375 706 679 973 100000 748 688 98 1213 1001 
0 945 406 827 1062 400 505 1046 158 565 373 1209 1227 1264 828 635 286 725 222 1418 884 288 522 485 580 54 862 931 44 71 481 467 151 1263 763 669 740 533 298 69 1208 748 100000 1402 809 1172 497 
0 514 1462 590 767 1055 1322 356 1451 1129 1169 221 1076 156 863 1613 1313 1486 1182 1300 1529 1222 925 1710 939 1370 1150 1347 1428 1409 1221 987 1357 826 660 1508 1736 902 1272 1337 944 688 1402 100000 678 1352 1514 
0 465 1011 352 830 586 643 369 904 796 720 556 1157 585 725 1224 829 1174 591 1408 1281 573 503 1220 591 764 992 1177 822 795 836 345 816 1015 366 1164 1354 471 792 740 1057 98 809 678 100000 1308 1090 
0 933 834 980 586 886 1562 1160 1060 631 823 1152 314 1211 585 745 886 544 1115 300 427 1296 869 1015 759 1197 338 254 1217 1238 693 1224 1022 575 946 615 786 893 875 1163 435 1213 1172 1352 1308 100000 786 
0 1000 93 936 925 505 992 1184 343 393 371 1294 947 1359 708 145 274 256 580 1073 414 741 613 244 576 543 563 532 533 567 292 816 363 1082 867 188 269 643 304 526 980 1001 497 1514 1090 786 100000 
