NAME : amtsp
TYPE : ATSP
DIMENSION : 28
EDGE_WEIGHT_TYPE : EXPLICIT
EDGE_WEIGHT_FORMAT : FULL_MATRIX
EDGE_WEIGHT_SECTION
100000 -100000 100000 100000 100000 100000 100000 100000 100000 100000 100000 100000 100000 100000 100000 100000 100000 100000 100000 100000 100000 100000 100000 100000 100000 100000 100000 100000 
100000 100000 969 1007 762 913 1222 1599 1441 1415 1527 1126 790 33 73 122 171 341 497 303 447 725 707 585 579 751 521 652 
0 0 100000 476 2409 2009 1850 2009 671 476 671 476 675 549 629 382 377 1863 1951 2151 2237 1951 2237 2174 843 713 647 509 
0 0 476 100000 2009 671 476 671 476 671 2009 1850 2014 808 715 509 672 1713 1693 2032 2027 2424 2647 2535 620 382 551 379 
0 0 2409 2009 100000 476 1850 2525 2634 2933 3363 2933 2647 2163 1781 1951 2237 495 379 543 382 2700 2700 2515 509 679 723 843 
0 0 2009 671 476 100000 476 1850 2009 2409 2933 2634 2535 2055 1689 1693 2028 612 509 807 713 2751 2850 2684 382 379 610 584 
0 0 1850 476 1850 476 100000 476 671 2009 2634 2525 2641 2228 1949 1785 2100 1912 1785 2196 2100 2991 3168 3029 713 509 811 672 
0 0 2009 671 2525 1850 476 100000 476 1850 2525 2634 2937 2612 2422 2170 2424 2522 2423 2823 2751 3373 3602 3488 2100 1785 2189 1951 
0 0 671 476 2634 2009 671 476 100000 476 1850 2009 2410 2179 2100 1785 1951 2387 2363 2706 2699 2898 3168 3084 2027 1693 1978 1693 
0 0 476 671 2933 2409 2009 1850 476 100000 476 671 2005 1945 2029 1693 1693 2487 2538 2791 2850 2538 2850 2810 2237 1951 2058 1784 
0 0 671 2009 3363 2933 2634 2525 1850 476 100000 476 1840 2006 2240 1951 1784 2790 2898 3057 3167 2363 2700 2715 2647 2423 2393 2170 
0 0 476 1850 2933 2634 2525 2634 2009 671 476 100000 466 605 862 713 509 2276 2423 2505 2647 1693 2027 2040 2237 2100 1933 1784 
0 0 675 2014 2647 2535 2641 2937 2410 2005 1840 466 100000 327 698 625 387 1919 2114 2066 2251 373 579 661 2039 2037 1710 1702 
0 0 549 808 2163 2055 2228 2612 2179 1945 2006 605 327 100000 557 599 468 1430 1553 1553 1663 1312 1463 1403 1500 1517 1281 1301 
0 0 629 715 1781 1689 1949 2422 2100 2029 2240 862 698 557 100000 -261 -161 415 537 557 668 802 821 750 473 525 255 335 
0 0 382 509 1951 1693 1785 2170 1785 1693 1951 713 625 599 -261 100000 -261 568 671 795 818 860 1038 986 540 476 322 238 
0 0 377 672 2237 2028 2100 2424 1951 1693 1784 509 387 468 -161 -261 100000 761 876 876 1006 674 879 857 745 714 535 476 
0 0 1863 1713 495 612 1912 2522 2387 2487 2790 2276 1919 1430 415 568 761 100000 -341 -271 -248 1968 1999 1821 308 514 311 516 
0 0 1951 1693 379 509 1785 2423 2363 2538 2898 2423 2114 1553 537 671 876 -341 100000 -201 -261 2187 2220 2042 238 476 350 528 
0 0 2151 2032 543 807 2196 2823 2706 2791 3057 2505 2066 1553 557 795 876 -271 -201 100000 -337 2004 1963 1775 503 709 540 743 
0 0 2237 2027 382 713 2100 2751 2699 2850 3167 2647 2251 1663 668 818 1006 -248 -261 -337 100000 2220 2187 2000 476 714 561 766 
0 0 1951 2424 2700 2751 2991 3373 2898 2538 2363 1693 373 1312 802 860 674 1968 2187 2004 2220 100000 -261 -211 2220 2317 1915 2009 
0 0 2237 2647 2700 2850 3168 3602 3168 2850 2700 2027 579 1463 821 1038 879 1999 2220 1963 2187 -261 100000 -363 2317 2467 2041 2187 
0 0 2174 2535 2515 2684 3029 3488 3084 2810 2715 2040 661 1403 750 986 857 1821 2042 1775 2000 -211 -363 100000 2153 2321 1890 2055 
0 0 843 620 509 382 713 2100 2027 2237 2647 2237 2039 1500 473 540 745 308 238 503 476 2220 2317 2153 100000 -261 -279 -164 
0 0 713 382 679 379 509 1785 1693 1951 2423 2100 2037 1517 525 476 714 514 476 709 714 2317 2467 2321 -261 100000 -197 -261 
0 0 647 551 723 610 811 2189 1978 2058 2393 1933 1710 1281 255 322 535 311 350 540 561 1915 2041 1890 -279 -197 100000 -294 
0 0 509 379 843 584 672 1951 1693 1784 2170 1784 1702 1301 335 238 476 516 528 743 766 2009 2187 2055 -164 -261 -294 100000 
